Timestamp (ms)	Yaw (degree)	Pitch (degree)	Roll (degree)
10.972261428833008	110.6	24.49	45.59
20.94411849975586	110.55	24.48	45.49
30.91716766357422	110.55	24.39	45.48
40.95602035522461	110.58	24.3	45.54
50.86469650268555	110.6	24.22	45.59
61.83600425720215	110.65	24.22	45.7
161.362886428833	110.84	24.34	46.01
262.12620735168457	110.9	24.54	46.16
362.34521865844727	110.65	24.57	45.76
461.08365058898926	110.51	24.57	45.65
560.8780384063721	110.48	24.34	45.54
662.3384952545166	110.62	24.32	45.8
761.3468170166016	110.52	24.24	45.62
861.3276481628418	110.39	24.3	45.31
962.2159004211426	110.76	24.01	46.12
1059.7848892211914	110.69	24.02	45.98
1161.6451740264893	110.7	24.3	45.93
1262.5072002410889	110.67	23.87	45.79
1361.403465270996	110.68	24.03	45.17
1461.646318435669	111.57	24.4	45.13
1561.0835552215576	112.65	24.97	46.29
1661.3304615020752	112.14	24.62	45.87
1761.413812637329	112.18	24.29	46.31
1862.7643585205078	112.28	24.4	46.26
1961.4999294281006	112.63	24.96	47.13
2061.232089996338	112.19	24.63	46.81
2161.4041328430176	111.85	24.74	46.33
2261.561870574951	111.65	25.1	46.08
2361.297845840454	111.27	25.29	45.57
2462.026596069336	111.36	25.26	45.85
2561.758279800415	111.09	26.05	45.57
2661.4978313446045	110.73	25.73	45.35
2762.4998092651367	110.99	25.72	45.91
2861.4513874053955	110.72	25.72	45.7
2961.162805557251	110.89	25.96	45.84
3061.789035797119	111.15	25.75	46.18
3161.104202270508	111.31	25.63	46.42
3260.9972953796387	110.88	25.56	45.77
3361.2446784973145	110.75	25.36	45.64
3461.4996910095215	111.03	25.31	46.14
3561.208963394165	111.09	24.93	46.14
3661.052942276001	110.91	24.98	45.92
3761.539936065674	110.78	24.79	45.73
3860.7287406921387	110.73	24.98	45.65
3961.4622592926025	111.08	25.0	46.29
4060.340166091919	110.97	24.88	46.3
4161.513805389404	111.06	24.8	46.36
4261.2481117248535	110.8	25.23	45.87
4361.976861953735	110.83	25.18	45.9
4461.527585983276	110.87	25.07	45.88
4560.567617416382	110.71	25.05	45.55
4661.85450553894	110.86	25.42	45.77
4761.073589324951	111.03	25.01	46.01
4861.907958984375	110.89	24.76	45.88
4961.332082748413	110.94	25.04	45.86
5061.798572540283	111.07	25.09	46.24
5160.656213760376	110.97	25.5	46.01
5260.932207107544	110.66	25.48	45.55
5360.828876495361	110.63	25.44	45.47
5460.666656494141	110.53	25.18	45.28
5561.360597610474	110.62	24.97	45.5
5660.494089126587	110.63	25.17	45.58
5761.774301528931	110.47	25.37	45.27
5861.581802368164	110.45	25.75	45.23
5961.2367153167725	110.48	25.77	45.31
6061.887741088867	110.38	25.55	45.34
6160.730361938477	110.32	25.69	45.08
6261.354684829712	110.1	26.03	44.89
6361.085653305054	110.13	26.15	45.03
6460.81805229187	110.3	26.28	45.28
6560.551166534424	110.91	26.19	46.15
6661.283254623413	110.96	25.96	46.28
6761.599063873291	110.47	25.67	45.49
6861.256122589111	110.51	25.61	45.64
6961.530923843384	110.71	25.76	46.01
7060.600757598877	110.61	25.39	45.9
7161.673784255981	110.56	25.45	45.75
7261.76381111145	110.64	25.61	46.01
7361.363410949707	110.73	25.44	46.23
7461.2932205200195	110.63	25.54	46.1
7560.908079147339	110.54	25.45	45.99
7661.680698394775	110.61	25.36	46.23
7761.5509033203125	110.46	25.14	46.07
7861.339569091797	110.47	25.25	46.22
7961.595058441162	110.43	25.49	46.22
8061.479330062866	110.47	25.07	46.49
8161.409616470337	110.23	25.14	46.03
8262.139320373535	110.27	25.27	46.34
8362.00213432312	110.26	25.31	46.45
8462.603330612183	109.98	25.15	46.01
8561.811685562134	109.9	25.19	46.01
8661.16738319397	109.78	25.4	45.86
8761.332750320435	109.63	25.13	45.79
8861.500978469849	109.67	25.02	46.04
8961.029052734375	109.58	25.16	45.95
9061.657667160034	109.67	25.03	46.2
9161.78822517395	109.67	25.08	46.32
9261.525869369507	109.55	25.16	46.19
9361.233234405518	109.49	25.19	46.27
9460.965156555176	109.16	25.31	45.73
9561.696290969849	109.07	25.12	45.79
9660.431146621704	109.29	24.94	46.35
9761.16132736206	109.08	25.15	46.04
9860.97264289856	108.85	24.83	45.79
9961.31157875061	108.84	24.88	45.83
10060.311555862427	108.9	24.88	46.13
10161.715269088745	108.71	24.87	45.87
10260.826110839844	108.86	24.97	46.34
10361.468076705933	108.76	24.86	46.35
10460.877418518066	108.23	25.15	45.48
10560.134649276733	108.18	25.05	45.57
10661.003589630127	108.09	24.97	45.53
10761.119842529297	108.18	24.82	45.94
10861.160039901733	107.98	24.86	45.69
10970.889568328857	108.03	25.04	45.87
11071.924686431885	108.2	24.72	46.39
11170.730352401733	108.09	24.78	46.22
11270.443439483643	107.93	25.11	46.03
11371.206998825073	107.78	24.93	45.92
11469.941854476929	107.63	25.11	45.61
11570.480108261108	107.56	24.8	45.68
11670.749187469482	107.67	25.15	46.02
11770.835161209106	107.43	24.84	45.73
11871.81043624878	107.31	25.16	45.59
11970.853090286255	107.46	25.15	46.05
12071.730136871338	107.35	24.73	45.96
12170.976400375366	108.02	24.92	46.18
12270.290613174438	107.47	24.72	46.59
12371.025800704956	106.59	24.89	45.73
12470.914125442505	106.24	25.64	45.83
12571.651697158813	105.7	25.74	46.2
12670.736074447632	103.84	26.02	45.18
12771.478652954102	101.44	26.01	44.04
12871.665239334106	99.06	26.85	42.94
13021.479368209839	96.46	26.58	42.0
13121.662855148315	95.91	27.35	42.94
13221.4937210083	95.55	29.41	43.9
13321.176767349243	95.2	32.1	44.08
13421.08416557312	94.46	34.2	44.05
13521.363258361816	93.61	34.06	43.56
13621.978282928467	92.34	32.03	42.57
13721.741914749146	91.85	29.81	41.98
13821.134805679321	91.88	28.97	41.89
13921.25415802002	91.6	29.11	41.51
14021.180629730225	91.26	29.47	41.9
14119.914293289185	90.02	28.62	40.7
14221.197366714478	90.3	27.39	41.67
14321.210622787476	89.73	25.64	41.25
14421.748161315918	90.31	24.76	42.18
14521.48151397705	90.02	23.9	41.94
14620.214462280273	90.36	23.24	42.0
14721.307277679443	90.54	24.2	42.09
14820.898294448853	90.5	23.92	42.18
14921.149492263794	90.33	23.59	41.59
15021.642208099365	90.61	23.98	41.91
15120.924472808838	90.43	24.29	41.54
15221.21262550354	90.08	24.69	41.3
15320.994853973389	89.58	24.61	40.84
15421.885013580322	89.55	24.16	40.95
15520.5819606781	89.23	24.04	40.35
15621.283292770386	89.58	23.55	40.77
15721.580266952515	89.89	23.4	40.74
15821.345806121826	90.19	23.18	41.11
15921.043395996094	90.35	22.7	41.35
16021.143674850464	90.1	23.49	41.06
16121.909856796265	89.51	22.85	40.57
16220.791101455688	89.57	22.75	40.92
16321.523189544678	89.19	22.9	40.51
16420.406341552734	89.35	22.57	40.93
16521.14772796631	89.47	22.62	41.33
16621.03319168091	89.24	22.95	40.89
16721.46248817444	89.18	22.73	40.5
16821.219205856323	88.95	23.31	40.38
16923.03967475891	88.55	23.17	40.11
17021.18682861328	88.61	22.13	40.3
17121.073961257935	88.5	21.86	40.05
17240.902423858643	88.56	21.89	40.06
17341.209888458252	88.51	22.1	39.81
17441.524028778076	88.8	22.14	40.39
17540.81439971924	88.73	22.2	40.38
17641.711235046387	88.56	22.74	39.98
17741.247415542603	88.67	22.53	40.39
17841.089725494385	88.52	22.31	40.13
17941.85185432434	88.47	22.46	40.1
18041.15629196167	88.39	22.28	40.16
18140.581846237183	88.0	22.92	39.49
18241.209268569946	87.92	22.88	39.67
18341.715335845947	87.64	22.94	39.4
18441.67947769165	87.63	23.34	39.61
18540.766716003418	87.36	23.16	39.27
18641.576290130615	87.27	22.84	39.22
18741.26148223877	87.33	22.15	39.53
18841.415405273438	87.66	22.01	40.29
18941.397428512573	87.32	22.68	39.62
19041.12672805786	85.7	23.51	38.63
19141.230821609497	84.14	22.54	38.4
19241.584062576294	85.42	22.69	39.5
19340.811252593994	85.3	22.54	39.16
19441.36691093445	85.52	22.87	39.22
19541.097164154053	85.45	22.14	38.64
19641.863107681274	89.02	22.84	39.42
19739.79902267456	92.96	24.06	41.07
19841.10188484192	94.15	24.8	42.11
19940.441370010376	93.73	24.64	42.31
20041.099071502686	93.19	23.72	42.71
20141.48783683777	92.72	22.61	43.0
20241.856813430786	92.36	22.37	42.94
20341.230630874634	92.24	22.21	42.89
20440.256357192993	92.15	22.47	43.05
20541.095733642578	91.47	22.34	42.13
20640.82956314087	91.21	22.25	41.97
20741.225004196167	90.69	22.58	40.92
20840.55757522583	90.87	23.09	40.88
20941.913843154907	91.18	23.18	41.42
21042.163848876953	90.71	23.37	40.53
21141.115188598633	90.46	23.2	40.46
21241.405963897705	90.23	23.44	40.37
21361.34958267212	90.32	23.53	40.69
21460.29829978943	90.23	23.35	40.66
21561.028957366943	90.19	23.53	40.75
21661.29970550537	90.06	23.24	40.81
21762.189388275146	90.01	23.38	40.81
21861.62304878235	90.0	23.54	40.94
21962.427139282227	89.89	23.45	40.85
22061.35320663452	89.57	23.37	40.43
22161.62371635437	89.41	22.85	40.4
22261.396646499634	89.47	22.35	40.47
22362.124919891357	89.76	22.4	40.97
22461.668968200684	89.7	22.28	40.8
22561.452627182007	89.69	22.42	40.8
22661.186933517456	89.81	22.0	41.19
22759.920597076416	89.75	22.57	41.01
22862.400770187378	90.03	22.43	40.91
22961.26890182495	90.89	22.6	41.12
23061.002731323242	90.55	21.42	40.64
23161.73219680786	92.35	20.74	40.49
23261.51990890503	94.68	20.54	41.64
23361.252069473267	96.91	21.02	42.08
23462.597608566284	98.18	20.76	41.47
23561.553955078125	101.37	21.47	41.35
23660.28904914856	104.61	21.91	43.02
23761.728048324585	105.16	20.81	43.81
23861.25946044922	105.19	19.46	43.49
23961.546182632446	106.09	18.19	43.94
24061.508178710938	107.15	18.2	45.07
24161.447763442993	107.88	18.21	46.22
24261.610746383667	107.56	17.82	45.82
24361.857652664185	107.26	17.69	45.38
24461.99655532837	106.45	18.46	45.88
24561.869621276855	103.21	17.99	45.17
24661.879062652588	100.36	17.44	43.56
24761.06858253479	98.08	17.53	42.27
24861.530303955078	95.99	17.37	42.23
24961.305141448975	93.42	16.94	41.6
25061.04850769043	92.37	16.87	40.48
25161.607265472412	92.31	17.21	40.48
25262.104272842407	91.97	17.54	40.6
25361.318588256836	91.12	16.99	39.46
25461.9357585907	90.99	16.52	39.65
25562.931537628174	90.62	15.55	39.05
25661.44037246704	90.77	14.95	38.61
25761.17181777954	91.55	14.99	38.72
25860.904693603516	92.56	15.4	39.84
25961.78960800171	93.46	15.08	39.9
26061.66410446167	97.38	15.54	39.88
26162.39643096924	103.36	17.48	42.0
26261.531352996826	104.59	18.0	43.13
26361.11283302307	104.0	17.61	42.91
26461.09175682068	104.34	17.08	43.22
26560.242414474487	104.98	17.61	44.15
26660.972595214844	105.15	18.24	44.57
26760.859727859497	105.35	18.44	45.2
26862.586975097656	104.73	18.29	44.65
26961.47346496582	104.42	18.64	44.29
27061.789989471436	100.87	17.73	43.7
27162.11247444153	97.44	16.02	42.56
27261.44289970398	98.47	16.46	41.96
27361.498594284058	104.01	18.15	43.15
27460.824966430664	107.24	19.63	45.03
27562.166213989258	107.29	20.1	45.12
27662.622690200806	107.33	19.36	45.23
27761.568784713745	107.45	18.57	45.24
27862.462043762207	108.24	18.78	45.08
27961.724281311035	109.25	19.18	45.44
28060.59455871582	110.74	19.8	46.45
28161.32354736328	111.9	20.63	47.5
28261.62886619568	112.07	19.9	47.67
28361.015558242798	112.97	20.69	48.04
28460.747957229614	113.7	19.91	48.71
28560.195922851562	114.45	20.16	49.58
28661.742448806763	114.5	20.22	49.23
28760.693311691284	114.83	20.3	48.49
28861.32764816284	115.96	21.46	49.05
28961.787223815918	116.02	22.47	49.28
29061.19441986084	115.27	21.63	48.69
29160.727739334106	114.88	21.15	48.29
29261.459827423096	114.99	20.34	48.34
29361.44495010376	115.12	20.16	48.43
29460.4651927948	115.47	19.01	48.73
29561.723232269287	116.08	19.41	49.1
29660.5863571167	115.41	18.75	48.27
29761.38210296631	114.84	17.93	47.27
29861.445665359497	114.76	17.03	47.07
29961.97247505188	114.66	16.59	46.7
30060.72235107422	114.79	17.06	46.73
30160.768508911133	115.0	17.18	47.08
30262.672901153564	114.8	16.63	47.54
30360.42308807373	114.18	16.51	46.73
30460.67500114441	114.1	16.1	46.91
30562.485218048096	114.52	15.79	47.74
30661.003589630127	115.13	15.63	48.51
30761.853456497192	115.84	15.39	49.25
30861.8323802948	115.82	15.99	49.2
30961.690664291382	115.81	16.41	48.87
31062.050580978394	115.9	17.22	48.99
31161.78321838379	114.74	16.16	48.55
31260.8323097229	113.22	15.05	47.5
31361.85646057129	111.53	14.97	47.67
31460.2952003479	105.79	14.92	46.78
31560.028076171875	99.4	14.65	44.6
31660.75849533081	98.71	15.34	43.26
31760.63346862793	100.18	17.9	42.7
31860.949516296387	97.02	18.9	39.28
31960.918188095093	91.99	19.42	38.19
32061.655282974243	93.07	19.71	38.79
32161.00788116455	93.89	21.17	40.0
32260.5299949646	91.34	20.17	37.84
32362.003326416016	91.16	20.3	39.49
32461.337327957153	89.58	18.16	39.05
32561.65361404419	89.35	15.82	40.48
32661.38744354248	88.87	13.67	41.77
32761.37113571167	88.94	11.45	42.7
32862.66040802002	89.85	10.37	43.68
32961.907386779785	91.26	9.99	44.04
33061.99407577515	92.95	9.86	44.9
33161.15355491638	92.15	10.37	45.23
33262.45713233948	92.11	11.45	45.1
33361.531257629395	92.22	12.75	45.03
33461.38596534729	91.62	13.77	44.36
33561.646699905396	91.55	13.52	44.36
33660.38203239441	91.88	12.97	44.55
33760.657787323	91.53	12.61	44.8
33860.9414100647	91.15	12.18	45.09
33960.67118644714	90.62	11.86	44.4
34061.49888038635	90.92	11.13	44.75
34161.35478019714	91.04	10.62	44.58
34261.14273071289	91.39	10.97	44.76
34379.72927093506	91.63	10.4	44.87
34480.32069206238	91.98	10.75	45.14
34579.65016365051	92.23	10.78	44.54
34681.010484695435	92.93	10.99	45.17
34780.93981742859	93.17	11.66	45.67
34881.86979293823	92.6	13.02	44.48
34981.637954711914	92.9	12.61	44.87
35080.92164993286	93.03	13.35	45.02
35180.63974380493	93.11	12.7	45.59
35281.37159347534	93.22	12.8	45.56
35381.319522857666	92.39	12.04	44.54
35481.051445007324	92.96	12.48	44.94
35581.81548118591	92.43	12.37	44.19
35681.51664733887	93.0	12.2	44.0
35781.55255317688	93.09	12.38	43.86
35880.284786224365	93.69	12.2	44.78
35980.31258583069	93.47	12.05	44.89
36080.95026016235	93.45	12.07	45.04
36180.41682243347	93.31	11.79	44.99
36281.35061264038	93.31	12.0	44.94
36381.43968582153	93.05	11.88	44.65
36480.81588745117	93.01	12.66	44.53
36580.54780960083	92.81	12.44	44.13
36681.63228034973	92.61	12.94	43.86
36781.21042251587	92.81	12.75	43.72
36880.9449672699	92.91	12.74	44.18
