Timestamp (ms)	Yaw (degree)	Pitch (degree)	Roll (degree)
3.715991973876953	88.36	15.05	43.47
13.690471649169922	88.32	15.12	43.39
24.66130256652832	88.3	15.23	43.33
33.64133834838867	88.27	15.33	43.27
44.96264457702637	88.29	15.34	43.37
54.58188056945801	88.3	15.34	43.46
154.51836585998535	88.0	15.39	44.05
254.2567253112793	87.14	14.83	43.43
354.2132377624512	86.82	14.71	42.72
454.944372177124	86.98	14.86	43.55
554.6779632568359	86.69	14.85	43.11
654.4106006622314	86.57	14.44	43.19
754.1429996490479	86.48	14.33	43.07
853.8811206817627	86.48	14.77	43.14
954.6060562133789	86.46	14.55	43.41
1053.7924766540527	86.4	14.69	43.4
1155.1265716552734	86.42	14.53	43.73
1254.1601657867432	86.38	14.81	43.41
1354.9606800079346	87.2	15.06	43.06
1455.2562236785889	87.63	15.47	44.1
1555.2730560302734	86.35	14.74	43.28
1656.527042388916	86.47	14.69	43.27
1755.2611827850342	86.39	14.69	43.48
1854.9950122833252	86.16	14.87	43.2
1955.4271697998047	86.3	14.71	43.8
2055.1021099090576	85.89	15.36	43.26
2154.609203338623	85.71	15.0	43.2
2255.3114891052246	85.55	15.3	43.05
2355.75270652771	85.54	15.61	43.46
2455.690383911133	85.22	15.75	43.38
2554.994583129883	84.89	15.55	43.23
2655.406951904297	84.56	15.63	42.81
2755.1443576812744	84.5	15.59	42.43
2855.2279472351074	84.55	15.7	42.67
2955.6596279144287	84.5	15.76	42.69
3074.237585067749	84.5	15.69	42.82
3173.929452896118	84.42	15.62	42.6
3274.6615409851074	84.53	16.09	43.08
3374.5288848876953	84.41	15.64	43.02
3474.4153022766113	84.29	15.35	42.84
3575.2336978912354	84.17	15.48	42.72
3674.964427947998	84.16	15.37	42.79
3774.6992111206055	84.07	15.56	42.81
3875.0641345977783	83.94	15.32	42.71
3974.7955799102783	83.91	15.71	42.85
4075.042247772217	83.93	15.46	43.16
4175.145387649536	83.65	15.42	42.54
4275.875568389893	83.72	15.43	42.98
4374.611616134644	83.62	15.36	42.99
4474.212646484375	83.36	15.33	42.62
4574.880838394165	83.32	15.45	42.64
4674.912214279175	83.33	15.49	42.8
4773.648262023926	83.28	15.72	42.91
4874.668598175049	83.11	15.37	42.68
4973.629951477051	83.08	15.59	42.67
5094.250202178955	83.11	15.23	43.17
5194.068670272827	82.96	15.4	42.83
5295.093297958374	82.89	15.57	43.04
5395.229339599609	82.83	15.3	42.94
5493.9305782318115	82.62	15.33	42.56
5594.285011291504	82.7	15.39	42.98
5694.02813911438	82.67	15.56	43.1
5793.752193450928	82.55	15.55	43.03
5894.092321395874	82.43	15.49	42.86
5993.827342987061	82.35	15.43	42.75
6095.5541133880615	82.39	15.67	43.19
6194.838047027588	82.1	15.32	42.47
6294.799089431763	82.26	15.67	43.21
6394.906520843506	82.11	15.56	42.77
6494.6935176849365	82.07	15.63	42.94
6595.460414886475	81.89	15.46	42.73
6694.849729537964	81.91	15.61	42.76
6794.88468170166	81.88	15.76	42.92
6894.956588745117	81.73	15.72	42.72
6994.849443435669	81.67	15.75	42.74
7093.735933303833	81.68	15.91	42.9
7234.612703323364	81.46	15.54	42.56
7334.52844619751	81.59	15.88	43.18
7434.342384338379	81.44	15.68	43.02
7534.799575805664	81.24	15.8	42.6
7635.53261756897	81.18	15.78	42.74
7734.872341156006	81.17	15.7	42.67
7834.5677852630615	81.13	15.63	42.87
7935.030221939087	80.99	15.51	42.67
8034.762620925903	80.95	15.63	42.74
8134.498596191406	81.07	15.9	42.68
8234.232664108276	80.98	15.48	42.67
8334.980487823486	81.06	15.61	42.99
8435.886144638062	80.86	15.75	42.64
8534.659147262573	80.81	15.59	42.62
8635.123491287231	80.8	15.75	42.8
8734.675645828247	80.7	15.76	42.52
8835.549592971802	80.79	15.77	43.0
8934.580326080322	80.49	15.5	42.35
9034.608125686646	80.6	15.66	42.87
9134.5853805542	80.48	15.68	42.66
9235.788583755493	80.48	15.41	42.94
9334.903001785278	80.37	15.7	42.64
9434.569358825684	80.31	15.68	42.81
9534.454345703125	80.26	15.59	42.85
9635.146141052246	80.05	15.46	42.38
9734.6510887146	79.99	15.55	42.38
9835.216760635376	80.17	15.65	43.02
9935.571193695068	79.93	15.45	42.52
10035.302639007568	79.95	15.71	42.76
10135.23554801941	79.88	15.55	42.69
10234.968900680542	79.94	15.79	42.96
10334.8867893219	79.78	15.79	42.6
10435.23120880127	79.81	15.8	42.92
10534.965515136719	79.75	15.73	42.88
10634.696960449219	79.53	15.68	42.46
10734.431028366089	79.46	15.65	42.59
10834.163427352905	79.48	15.72	42.72
10934.48281288147	79.51	15.72	43.11
11034.955978393555	79.44	15.62	43.1
11135.292291641235	79.35	15.76	42.97
11234.886169433594	79.2	15.56	42.69
11344.475746154785	79.1	15.55	42.54
11444.172620773315	79.22	15.95	43.05
11545.12071609497	79.11	15.91	42.9
11644.850492477417	78.97	15.9	42.69
11744.58384513855	78.88	15.89	42.71
11844.475746154785	78.82	15.97	42.59
11944.209575653076	78.78	15.63	42.89
12044.573545455933	78.81	15.87	42.95
12144.070148468018	78.86	15.87	43.08
12244.444131851196	78.97	16.45	43.04
12344.784259796143	77.44	15.96	42.63
12445.596933364868	78.46	16.22	43.17
12545.003890991211	79.06	17.96	43.09
12645.128965377808	79.55	18.88	42.81
12744.369745254517	80.42	18.58	43.4
12844.278812408447	81.7	19.08	44.63
12945.0101852417	82.63	20.76	46.14
13044.210195541382	82.42	22.5	46.32
13144.311904907227	81.98	23.5	47.54
13244.646310806274	79.25	24.57	47.5
13344.369888305664	74.16	24.7	46.16
13445.101737976074	71.63	25.29	46.2
13544.262647628784	69.01	25.17	44.88
13645.08032798767	69.23	26.0	45.71
13745.31364440918	68.14	26.11	44.99
13844.92564201355	68.22	26.03	44.8
13943.663358688354	69.26	25.2	46.33
14044.657230377197	68.87	24.67	47.87
14144.365549087524	67.03	22.48	47.87
14245.06163597107	67.09	19.75	50.53
14344.790935516357	67.87	17.81	53.37
14445.051193237305	67.76	17.17	53.62
14544.782638549805	67.99	15.75	53.37
14644.636631011963	67.25	15.5	52.22
14744.363784790039	66.65	15.49	49.88
14844.917297363281	67.38	14.43	49.16
14945.261001586914	67.54	14.07	48.11
15044.997930526733	67.53	12.59	46.71
15144.767999649048	67.46	11.51	45.55
15244.896411895752	66.98	11.27	44.23
15344.005346298218	66.39	10.95	43.0
15445.106029510498	66.2	11.42	42.86
15544.915676116943	65.84	11.14	42.37
15644.649744033813	64.8	11.64	42.1
15744.38190460205	63.23	11.64	41.68
15844.114065170288	63.27	10.85	41.54
15944.975852966309	63.82	12.61	42.36
16044.706106185913	63.6	13.43	42.24
16145.436525344849	63.84	13.54	42.68
16244.820594787598	64.2	14.9	42.97
16344.69985961914	64.24	16.04	43.28
16444.72575187683	64.85	16.94	43.92
16544.4815158844	65.44	17.74	43.84
16645.314693450928	65.55	17.99	43.79
16745.17011642456	65.59	17.95	43.92
16844.749212265015	65.24	18.46	42.9
16943.60113143921	66.88	19.96	44.34
17044.33250427246	66.26	20.44	44.17
17143.548250198364	65.72	20.81	43.82
17244.524002075195	65.09	20.83	42.91
17344.525814056396	65.66	21.17	43.59
17444.456815719604	65.59	21.01	43.39
17545.709133148193	66.01	20.98	42.74
17643.68224143982	66.31	20.86	42.49
17744.601488113403	68.63	20.83	43.88
17844.573497772217	70.6	21.01	45.7
17945.154905319214	71.26	20.65	45.95
18044.471979141235	75.29	20.63	48.53
18144.259452819824	76.11	21.82	49.69
18244.561195373535	77.85	22.34	51.36
18344.184637069702	78.66	22.67	52.45
18445.318460464478	80.19	22.41	53.44
18544.970273971558	82.22	23.18	55.33
18645.005226135254	82.27	23.73	55.68
18744.603395462036	83.46	24.15	56.74
18844.423055648804	82.54	25.16	57.46
18944.639682769775	81.83	25.44	56.39
19044.600009918213	83.11	24.43	56.56
19144.8814868927	82.01	24.14	56.31
19244.858980178833	81.79	23.69	56.06
19344.871520996094	82.74	23.46	56.58
19445.4402923584	82.59	23.8	56.41
19544.44146156311	80.59	23.26	55.07
19644.77038383484	78.23	23.23	54.38
19744.367599487305	69.4	22.2	50.41
19844.626903533936	66.33	21.09	48.53
19945.20592689514	65.83	20.34	48.99
20045.006036758423	64.45	19.86	47.4
20144.59466934204	65.71	20.3	47.87
20245.115518569946	65.35	19.73	46.59
20344.987869262695	65.9	19.08	46.23
20445.062160491943	66.03	18.26	45.01
20543.879508972168	66.93	17.89	45.37
20642.847776412964	66.69	16.72	44.94
20744.393348693848	64.8	16.85	45.07
20843.129873275757	63.1	16.97	43.2
20945.119857788086	64.06	19.03	43.52
21045.56965827942	62.67	20.85	42.5
21144.55008506775	63.21	21.24	42.57
21245.469331741333	63.97	23.18	43.09
21345.355987548828	62.23	23.86	41.5
21444.26965713501	63.21	23.8	42.67
21545.1078414917	63.0	24.44	43.17
21655.372619628906	61.83	23.89	42.26
21755.402088165283	61.83	22.55	42.42
21856.01234436035	61.8	21.15	43.45
21956.050157546997	60.91	19.46	42.7
22054.50749397278	61.56	18.39	42.5
22154.73437309265	63.08	19.05	42.88
22254.58312034607	65.48	19.74	42.26
22354.313373565674	71.43	19.96	42.24
22454.89764213562	78.09	20.6	43.88
22555.40704727173	81.95	22.5	45.74
22655.67684173584	82.88	24.47	46.11
22754.80890274048	82.81	26.21	46.69
22855.379104614258	78.84	26.73	46.17
22956.632614135742	74.3	26.94	43.39
23055.37486076355	72.91	25.96	41.84
23154.83546257019	70.99	26.42	40.9
23254.871368408203	70.64	26.22	40.08
23355.135440826416	73.33	26.88	41.27
23455.87158203125	74.7	27.93	42.44
23556.21361732483	74.58	27.98	42.33
23655.59458732605	74.63	28.87	43.06
23754.629373550415	73.84	28.06	44.06
23855.66782951355	73.16	27.48	43.81
23954.402685165405	72.64	27.19	44.53
24056.336402893066	71.5	26.87	44.07
24155.163049697876	70.91	26.66	43.6
24255.45382499695	70.58	26.35	44.15
24355.29375076294	69.53	25.81	43.93
24454.788208007812	69.11	26.03	43.78
24554.646015167236	68.7	27.0	44.04
24654.979467391968	67.18	27.12	43.77
24755.87749481201	67.64	28.24	43.61
24856.1692237854	69.03	28.9	45.0
24954.513549804688	69.18	28.66	44.87
25053.699016571045	70.74	29.38	45.15
25155.847311019897	72.08	29.51	45.47
25253.698348999023	72.74	30.19	45.36
25356.021404266357	70.92	31.41	43.84
25455.363988876343	69.68	32.2	42.76
25555.09090423584	69.06	32.98	42.35
25655.436038970947	68.3	33.82	40.95
25755.16366958618	68.11	34.47	40.3
25854.345560073853	67.33	35.41	39.08
25954.079389572144	66.87	35.6	38.01
26054.38280105591	65.82	35.53	36.66
26156.56805038452	65.58	35.07	36.25
26255.659818649292	65.35	34.32	36.48
26355.481147766113	65.16	33.95	36.73
26455.190896987915	65.53	34.47	37.21
26555.370807647705	65.77	33.09	37.34
26655.282258987427	71.12	33.08	40.86
26755.619287490845	71.97	34.15	42.16
26855.870723724365	71.5	33.26	41.69
26955.616235733032	72.93	30.67	42.55
27055.588960647583	73.31	30.69	42.94
27155.672311782837	72.32	30.56	41.99
27254.66299057007	72.61	30.93	42.17
27355.555057525635	73.5	30.71	42.99
27455.092430114746	73.69	30.42	42.72
27556.33020401001	74.41	30.43	43.64
27656.342267990112	75.09	30.53	44.07
27755.499124526978	75.14	30.74	44.22
27916.544914245605	75.18	30.65	44.88
28015.384197235107	71.84	29.75	43.77
28115.267992019653	69.55	29.84	42.28
28214.526176452637	66.38	29.74	40.97
28314.170122146606	67.76	29.52	42.33
28415.261268615723	71.05	29.48	44.98
28514.904737472534	70.42	29.17	44.4
28614.235162734985	70.59	28.62	44.53
28714.980840682983	70.63	28.89	44.23
28814.492225646973	70.37	29.35	42.63
28914.35432434082	71.14	29.77	42.64
29014.675855636597	70.85	31.81	41.99
29114.803791046143	70.9	32.86	41.97
29215.31915664673	70.27	33.05	40.87
29314.955711364746	70.33	33.43	40.3
29414.686679840088	70.67	33.4	40.88
29514.56117630005	69.58	33.3	39.64
29614.29500579834	68.52	32.93	39.45
29715.132236480713	68.11	32.19	39.1
29814.427137374878	67.82	31.96	38.98
29915.2889251709	65.54	31.05	38.23
30044.775009155273	64.66	28.38	37.85
30144.471883773804	63.97	26.23	37.45
30244.92835998535	67.42	25.63	40.15
30343.65487098694	68.22	25.92	41.44
30444.905757904053	68.26	24.27	41.5
30544.35086250305	68.22	23.34	41.85
30644.466161727905	67.58	22.14	41.89
30744.25196647644	67.31	21.9	41.78
30843.985319137573	66.39	22.0	41.43
30943.7255859375	66.23	21.96	40.95
31044.854402542114	66.91	21.64	41.77
31144.587755203247	67.13	22.34	41.75
31245.42999267578	67.23	22.54	41.94
31344.051837921143	67.38	22.54	42.7
31445.12677192688	67.21	22.35	42.14
31544.734477996826	67.24	23.15	42.04
31644.758462905884	66.88	23.56	41.85
31744.57597732544	67.06	23.78	41.63
31845.343351364136	66.52	23.78	41.72
31945.087432861328	65.3	25.33	40.98
32044.121742248535	64.88	26.43	39.93
32144.939422607422	65.06	27.23	39.52
32244.935989379883	64.95	26.86	39.3
32345.26515007019	64.45	27.45	38.31
32445.03378868103	65.19	27.67	38.64
32544.73352432251	66.25	26.3	39.4
32644.464015960693	67.2	24.94	40.03
32745.229721069336	67.02	23.45	39.63
32844.95162963867	66.11	22.68	38.22
32944.82445716858	65.38	22.96	36.53
33045.41563987732	65.5	23.72	36.12
33144.64974403381	65.17	23.96	35.65
33244.22192573547	65.46	24.53	35.73
33343.645334243774	65.49	25.57	35.64
33444.90599632263	65.53	25.5	35.28
33543.85423660278	65.66	26.6	35.16
33644.45376396179	65.56	27.61	35.15
33744.90737915039	65.35	27.85	34.95
33844.60687637329	65.63	29.43	34.37
33945.013761520386	67.09	30.25	34.83
34043.74933242798	70.26	31.56	37.0
34145.07985115051	69.68	31.83	38.1
34244.03524398804	69.86	30.9	38.76
34344.756841659546	73.45	30.65	42.09
34445.01185417175	76.66	27.31	44.88
34544.23213005066	78.35	22.96	45.98
34644.97780799866	79.93	17.1	44.62
34744.40288543701	78.01	16.02	42.68
34845.19124031067	77.77	11.68	39.73
34944.48733329773	78.89	8.52	36.84
35045.252084732056	77.98	4.27	34.59
35144.814014434814	75.57	3.09	33.21
35244.030714035034	74.88	6.05	34.26
35344.76137161255	70.2	9.53	37.1
35444.49734687805	68.15	13.62	43.5
35543.93243789673	65.88	20.26	48.47
35644.69933509827	66.07	23.45	48.83
35743.974685668945	65.96	23.68	48.0
35843.7077999115	65.13	22.18	46.72
35944.438219070435	65.62	22.29	45.57
36044.59595680237	65.57	20.91	43.75
36144.951581954956	66.32	20.51	41.3
36245.13030052185	66.71	21.92	38.89
36344.53558921814	65.75	22.86	36.36
36443.79377365112	64.85	24.46	33.14
36543.620347976685	65.8	25.16	30.45
36645.259618759155	64.57	27.05	28.31
36744.991064071655	63.78	28.22	26.69
36845.404386520386	60.82	29.28	25.38
36944.59652900696	58.18	30.99	23.95
37043.33019256592	55.31	32.09	22.62
37144.62900161743	53.57	32.85	22.64
37243.94989013672	53.0	33.02	24.17
37345.21198272705	52.5	33.12	26.11
37445.74427604675	52.74	33.32	28.15
37544.51298713684	52.63	31.27	29.78
37644.869327545166	53.72	30.39	30.97
37745.57876586914	55.41	29.42	31.78
37844.895362854004	56.18	28.71	31.48
37944.615840911865	56.38	28.47	31.13
38044.87156867981	55.99	28.07	29.93
38144.606828689575	56.19	27.3	29.31
38244.67349052429	57.36	26.58	29.69
38344.78735923767	58.29	27.05	30.09
38444.523096084595	58.83	27.33	30.48
38544.74687576294	58.37	27.0	30.16
38664.64853286743	58.52	28.09	29.85
38765.27285575867	58.35	29.08	29.51
38865.03791809082	58.47	28.55	29.62
38964.908599853516	58.89	28.29	29.84
39065.298318862915	58.81	28.26	29.79
39163.72323036194	59.02	28.12	29.84
39264.66345787048	59.82	27.96	30.2
39363.53063583374	59.9	28.51	30.02
39464.900493621826	59.47	28.85	29.49
39564.377307891846	59.33	28.75	29.37
39664.51001167297	59.72	28.85	29.5
39764.24026489258	59.48	29.18	29.35
39863.85941505432	58.77	29.28	28.36
39964.89977836609	58.98	28.91	28.95
40064.63146209717	59.15	29.58	28.82
40164.80803489685	59.71	29.94	29.15
40265.05160331726	59.42	29.68	29.27
40364.85838890076	59.57	29.27	29.41
40465.193033218384	59.67	29.52	29.56
40564.75734710693	59.84	29.62	29.87
40664.56127166748	60.04	29.29	30.3
40764.32752609253	60.32	29.01	30.49
40864.06064033508	60.59	28.85	30.85
40963.823080062866	60.47	29.06	30.5
41064.72992897034	60.31	28.98	30.21
41165.46583175659	60.17	28.25	29.95
41264.694690704346	60.47	28.46	30.26
41364.42804336548	60.26	28.28	29.88
41464.85781669617	60.25	28.23	29.92
41564.9790763855	60.16	28.09	30.02
41665.318727493286	60.2	28.23	29.44
41765.127420425415	59.93	28.39	29.16
41864.7403717041	60.72	28.28	29.68
41964.439153671265	60.85	28.87	29.07
42064.11957740784	63.68	28.9	30.29
42165.011167526245	66.72	29.78	30.36
42264.59836959839	70.21	28.84	30.92
42364.33172225952	73.5	28.73	30.76
42464.13564682007	76.93	29.19	31.23
42564.38636779785	78.71	30.77	31.26
42664.780616760254	80.15	31.38	31.82
42764.824867248535	80.53	31.68	34.16
42864.03942108154	78.32	32.12	36.02
42965.44003486633	73.48	33.18	38.33
43063.63558769226	70.82	32.06	40.98
43164.809465408325	67.88	31.36	41.96
43264.655351638794	63.96	32.29	41.66
43364.90511894226	61.17	32.56	41.76
43464.640617370605	59.2	32.41	40.53
43564.55445289612	62.14	32.05	39.55
43664.91413116455	65.66	32.19	38.11
43764.71543312073	66.49	31.13	36.13
43864.7518157959	67.69	31.1	35.23
43965.243101119995	67.97	31.05	33.69
44064.812660217285	70.56	32.28	32.16
44164.36696052551	72.11	32.75	31.41
44264.95909690857	70.86	32.61	31.77
44364.77303504944	69.0	32.19	34.74
44465.48080444336	65.5	33.7	36.07
44564.55373764038	63.57	34.97	37.3
44664.509534835815	62.04	33.4	38.41
44764.240980148315	60.38	34.63	38.84
44864.696741104126	58.69	35.46	39.47
44965.5978679657	57.8	35.78	39.55
45064.22543525696	60.17	35.83	38.6
45165.35520553589	63.21	36.09	36.72
45264.309883117676	68.06	35.72	37.11
45365.27419090271	68.07	35.46	36.29
45464.97464179993	67.26	34.4	35.21
45564.90731239319	68.13	34.36	33.48
45664.543867111206	68.91	33.4	32.21
45763.859272003174	69.01	32.95	32.79
45862.595081329346	65.78	32.65	34.24
45964.32304382324	60.76	34.17	35.46
46064.292430877686	57.38	34.47	35.91
46165.47918319702	55.66	32.99	35.11
46265.17033576965	54.47	33.17	35.53
46364.91394042969	53.28	32.85	36.3
46484.21788215637	53.35	32.34	34.41
46585.15238761902	54.9	31.71	31.54
46683.88772010803	62.02	33.08	31.19
46784.67082977295	68.96	35.23	32.68
46884.96160507202	72.04	36.42	34.56
46984.69877243042	71.84	37.65	33.72
47085.81328392029	73.13	38.32	32.95
47184.39221382141	70.63	37.61	30.71
47285.30979156494	69.07	37.09	31.16
47384.4108581543	65.12	35.42	32.3
47484.40623283386	59.55	34.95	31.17
47585.03532409668	56.0	35.03	30.92
47685.00280380249	51.09	32.02	30.37
47784.39283370972	47.68	32.99	28.42
47885.40959358215	47.2	33.05	28.15
47984.452962875366	47.66	33.73	26.47
48084.41519737244	51.12	33.38	26.7
48185.14919281006	56.58	35.48	28.35
48285.037994384766	61.05	36.49	30.39
48385.3645324707	63.19	36.37	30.91
48484.13395881653	63.48	36.01	30.04
48585.2952003479	64.67	36.04	30.03
48684.391021728516	63.92	35.87	30.07
48784.28816795349	61.66	35.42	30.82
48883.27717781067	57.44	33.52	31.37
48984.126567840576	52.96	34.02	29.93
49084.95497703552	50.53	34.0	29.49
49184.455156326294	47.07	31.72	29.65
49284.820556640625	45.22	32.43	28.95
49384.52076911926	45.5	31.74	28.84
49484.416484832764	48.46	33.83	27.87
49584.27715301514	53.68	34.46	28.84
49685.42742729187	57.36	34.69	28.99
49785.58301925659	60.95	34.86	30.38
49885.36524772644	60.98	35.13	30.19
49984.69948768616	63.59	35.95	30.21
50085.43157577515	64.49	35.56	29.96
50184.77010726929	64.23	34.9	30.65
50284.499406814575	60.58	34.32	30.26
50384.42921638489	59.55	34.3	30.45
50484.34114456177	60.34	34.62	32.24
50584.288120269775	58.99	32.65	34.27
50684.083461761475	58.77	31.77	35.41
50784.38138961792	60.87	30.66	36.71
50884.114265441895	64.01	32.0	35.96
50983.848333358765	67.58	34.32	35.84
51085.17360687256	69.4	35.38	36.79
51184.91268157959	67.13	34.09	36.57
51284.65986251831	65.36	33.27	35.82
51384.275913238525	64.81	33.29	34.33
51485.54039001465	65.37	33.53	34.23
51584.88059043884	64.07	32.9	34.63
51683.71343612671	59.46	32.49	33.67
51785.50744056702	58.42	32.72	34.39
51884.506702423096	59.17	32.29	36.74
51984.429597854614	56.97	30.08	36.08
52083.72974395752	58.72	31.36	35.05
52184.46087837219	61.27	34.58	34.11
52284.76905822754	66.55	36.46	34.47
52384.504079818726	70.66	36.81	36.03
52484.55214500427	74.21	36.64	38.33
52584.747314453125	71.83	34.74	36.51
52684.53025817871	73.64	35.18	35.63
52784.908294677734	70.84	36.03	35.3
52885.22005081177	65.6	36.24	33.85
52985.55874824524	64.32	35.43	34.4
53084.51700210571	62.24	35.74	34.29
53184.58151817322	62.24	35.6	34.86
53284.363985061646	60.38	34.73	35.67
53384.45854187012	59.67	35.6	36.13
53484.8096370697	58.44	36.71	36.88
53584.54203605652	55.63	34.63	35.2
53684.43202972412	53.75	35.67	31.23
53785.27474403381	58.96	37.98	29.34
53885.29133796692	59.01	39.19	29.81
53984.99512672424	56.39	35.63	32.12
54085.095167160034	55.17	34.98	31.8
54184.44848060608	57.08	39.56	30.42
54285.35008430481	59.07	44.46	32.93
54384.344816207886	57.29	39.83	33.3
54485.39996147156	59.16	41.77	33.53
54586.02213859558	56.38	41.54	33.4
54684.64732170105	53.65	42.03	33.03
54834.37466621399	52.53	42.29	28.75
54935.112953186035	56.74	46.34	29.21
55034.10482406616	57.84	45.64	31.45
55134.52649116516	56.89	40.16	33.52
55234.265089035034	57.91	42.55	31.6
55334.55467224121	63.09	46.96	33.37
55434.974193573	64.11	46.33	37.17
55535.08710861206	60.95	45.74	35.92
55634.58204269409	63.16	44.33	35.81
55734.93981361389	60.28	43.5	34.67
55833.733797073364	59.96	43.13	34.58
55933.4671497345	56.17	40.1	35.14
56034.93428230286	57.22	41.09	32.18
56135.098457336426	55.24	42.65	30.14
56234.89546775818	62.81	47.52	31.9
56334.6312046051	65.5	44.95	33.33
56434.725761413574	66.51	39.86	34.64
56534.446239471436	63.7	40.4	31.48
56634.615898132324	69.84	48.51	35.25
56743.99256706238	69.63	44.15	36.7
56844.16627883911	69.13	43.01	35.5
56944.99182701111	68.94	41.71	34.92
57045.04609107971	68.25	41.3	33.69
57145.07269859314	66.63	40.1	32.98
57244.87805366516	67.63	41.18	33.54
57344.50101852417	66.35	39.37	35.99
57444.53740119934	65.11	41.58	32.72
57544.40402984619	61.96	42.69	29.42
57644.31810379028	64.98	47.31	27.73
57745.08237838745	63.34	45.23	26.54
57844.94090080261	63.8	38.4	30.21
57945.544481277466	57.7	40.22	28.23
58045.316219329834	63.03	46.51	29.13
58144.15216445923	63.46	45.35	32.39
58244.94218826294	59.52	42.77	31.04
58344.67124938965	64.64	41.66	31.4
58445.02305984497	60.96	41.63	30.27
58545.05109786987	59.49	41.75	29.44
58644.90985870361	60.25	42.95	30.16
58744.96912956238	58.01	39.64	31.9
58905.05075454712	54.88	41.79	28.56
59005.82480430603	56.75	47.33	25.03
59106.55379295349	58.33	44.97	24.96
59205.4500579834	60.51	39.72	29.93
59304.4319152832	60.32	41.03	29.68
59405.27391433716	63.61	49.15	30.12
59504.28247451782	65.92	49.4	34.57
59604.883909225464	63.37	44.67	33.06
59705.94358444214	68.76	44.31	33.46
59805.554151535034	65.41	45.59	32.6
59904.38413619995	64.98	44.83	35.53
60005.1155090332	65.66	41.5	39.44
60105.15904426575	65.13	42.3	37.55
60204.89692687988	61.65	46.05	30.95
60304.630279541016	67.2	50.26	30.88
60406.34989738464	64.67	49.17	28.72
60503.84044647217	67.24	47.18	33.03
60605.488777160645	65.37	42.01	33.21
60704.01668548584	65.78	47.41	31.09
60805.97949028015	66.77	55.19	32.45
60904.7155380249	66.4	45.42	36.0
61004.67777252197	68.52	46.6	35.11
61105.7710647583	66.85	43.3	33.89
61204.51498031616	72.71	47.32	37.51
61305.240869522095	74.26	46.12	37.9
61406.12030029297	77.98	46.43	39.09
61505.404233932495	80.81	47.08	40.89
61606.327056884766	82.3	48.23	40.7
61705.08694648743	85.38	49.4	41.81
61805.898666381836	88.83	51.39	44.42
61904.5512676239	89.56	50.92	45.29
62005.42664527893	88.15	50.1	44.11
62106.28628730774	86.7	49.62	43.76
62205.26933670044	83.88	49.25	41.15
62305.89723587036	85.38	48.14	41.67
62404.56795692444	80.84	46.92	40.27
62505.49125671387	77.82	45.61	39.55
62607.40876197815	76.86	45.6	39.38
62706.14814758301	72.51	45.33	37.3
62804.739475250244	75.32	45.41	37.43
62943.95041465759	82.95	45.69	41.65
63044.68393325806	85.11	45.42	43.81
63143.55492591858	85.19	44.33	45.56
63244.62056159973	84.07	43.4	45.92
63344.94853019714	84.3	42.69	46.5
63444.894313812256	83.18	42.72	46.35
63544.65675354004	81.31	42.48	44.87
63644.19507980347	80.6	42.12	43.94
63744.94218826294	80.96	42.4	43.93
63844.375133514404	81.98	42.36	44.93
63945.260524749756	82.17	42.33	45.47
64044.62265968323	81.31	42.63	44.73
64145.17378807068	81.18	41.8	45.43
64245.00131607056	80.77	40.99	45.21
64344.90466117859	80.81	40.99	45.68
64445.01185417175	79.73	40.48	44.95
64544.7211265564	78.73	40.82	43.82
64644.78540420532	79.34	40.58	44.95
64744.56691741943	78.89	40.73	44.37
64844.41614151001	79.32	41.28	44.85
64944.934368133545	79.86	41.75	45.42
65044.66390609741	78.43	41.42	44.87
65144.70624923706	77.28	41.43	43.91
65244.346141815186	76.64	41.37	43.3
65344.70438957214	75.99	41.64	42.39
65443.44258308411	76.12	41.66	42.52
65547.3461151123	75.79	41.87	42.12
65643.65339279175	75.77	41.82	42.07
65743.95060539246	75.89	41.93	42.0
65843.68252754211	76.12	42.25	42.12
65943.41588020325	76.38	42.24	42.52
66044.75903511047	76.58	42.02	42.56
66143.44429969788	76.49	41.51	42.49
66244.7280883789	76.5	41.7	42.5
66344.57421302795	76.76	41.65	42.93
66444.83804702759	76.75	41.59	42.88
66545.170545578	76.98	41.47	42.38
66645.5008983612	78.78	42.57	43.14
66745.53322792053	79.83	42.7	44.18
66844.49172019958	79.67	42.24	43.92
66944.1750049591	80.06	42.24	44.43
67044.52562332153	80.1	42.26	44.48
67174.17979240417	80.91	42.1	46.0
67273.91266822815	80.07	41.01	45.58
67374.82380867004	81.55	41.34	46.35
67474.98106956482	82.49	40.73	47.63
67573.73309135437	84.17	40.75	49.33
67674.85451698303	85.8	40.69	51.23
67775.21657943726	86.22	40.38	52.68
67874.5927810669	84.56	39.84	53.48
67973.93441200256	83.59	39.05	53.62
68074.30863380432	84.42	39.51	53.35
68174.29971694946	84.13	40.13	51.9
68274.82151985168	81.21	40.58	48.48
68374.96757507324	78.23	40.44	45.36
68475.13842582703	75.02	41.98	41.32
68574.42855834961	71.79	42.19	37.53
68675.1618385315	70.51	41.52	35.05
68774.24550056458	70.34	41.56	33.08
68875.16570091248	68.67	41.55	30.18
68975.26097297668	67.83	41.99	28.13
69074.5038986206	64.87	41.46	26.27
69174.27086830139	62.41	39.96	25.06
69274.81126785278	61.53	39.69	23.47
69374.85909461975	61.27	40.84	22.45
69474.71308708191	60.5	38.88	22.7
69574.38230514526	60.89	39.24	22.13
69674.11589622498	62.3	40.62	22.36
69774.91784095764	63.74	39.87	23.84
69873.95596504211	64.36	38.36	25.57
69974.66683387756	62.96	38.04	25.4
70074.75972175598	62.93	37.53	27.18
70174.13139343262	63.04	36.83	28.86
70274.89590644836	64.62	36.83	30.87
70374.6509552002	66.85	37.34	32.68
70475.09765625	68.66	38.06	34.03
70574.25570487976	69.03	37.5	34.84
70673.98977279663	68.87	37.87	34.19
70774.89352226257	68.67	38.93	33.99
70873.52395057678	66.71	38.02	33.74
70973.42348098755	64.19	37.99	33.04
71074.15318489075	61.63	37.22	32.38
71175.03595352173	61.35	36.74	32.77
71274.73092079163	61.03	38.67	32.62
71374.6964931488	61.06	38.65	34.23
71474.93529319763	60.87	38.16	34.64
